60 1 5000. !nvrt
Z levels
1  -5000.
S levels
30. 1. 10.  !h_c, theta_b, theta_f
   1    -1.
   2    -0.983051
   3    -0.966102
   4    -0.949153
   5    -0.932203  
   6    -0.915254
   7    -0.898305
   8    -0.881356
   9    -0.864407
  10    -0.847458
  11    -0.830508
  12    -0.813559
  13    -0.796610
  14    -0.779661
  15    -0.762712
  16    -0.745763
  17    -0.728814
  18    -0.711864
  19    -0.694915
  20    -0.677966
  21    -0.661017
  22    -0.644068
  23    -0.627119
  24    -0.610169
  25    -0.593220  
  26    -0.576271
  27    -0.559322
  28    -0.542373
  29    -0.525424
  30    -0.508475
  31    -0.491525
  32    -0.474576
  33    -0.457627
  34    -0.440678
  35    -0.423729
  36    -0.406780
  37    -0.389831
  38    -0.372881
  39    -0.355932
  40    -0.338983
  41    -0.322034
  42    -0.305085
  43    -0.288136
  44    -0.271186
  45    -0.254237
  46    -0.237288
  47    -0.220339
  48    -0.203390
  49    -0.186441
  50    -0.169492
  51    -0.152542
  52    -0.135593
  53    -0.118644
  54    -0.101695
  55    -0.084746
  56    -0.067797
  57    -0.050847
  58	-0.033898
  59	-0.016949
  60 0.
