====================================================================
dfo1
       1    2    3    4    5     6     7     8     9    10   11 12
2013    0  353    0  604  465  1152   885  1234   892    0    0  0
2014    0  659   40  682  209  1391   410  1190   879  289    0  0
2015    0  806  273  303  258  1013   888   981   429  814  186  0
2016    0  630  183  409  773  1120  1125   859   766   68  245  0
2017    0  804   18  555  376  1114  1676  1250   629  329    0  0
2018    0  679  297  301  520  1015   114  1353  1753   70  309  0
2019  425  777   49  425  556  1010   401  2058   585  422    0  0
2020    0  922   14    0    0   598  1443   774    34  434    0  0
2021   46  556   20  456    0     0     0     0     0    0    0  0
2022    0    0    0    0    0     0     0     0     0    0    0  0
2023    0    0    0    0    0     0     0     0     0    0    0  0
====================================================================
ecology_nc
      1    2    3    4    5    6    7    8    9    10   11   12
2013  69   80   82   78   84   79   74   91   75   86   84   47
2014  98  141  123  114  118  121  107  120  134  113  102    0
2015  90   86   73   82   58   87   79   84   87   66   76   67
2016  90   79   86  104  104   84  106  105   98   73   79   42
2017  68   63   68   82  103  108  106  110  109  104   70  110
2018  61   90  105  116  101  106   89   98  108  102  105   67
2019  86   69  102  111   89   99   96   89   93   98   80   41
2020  66   89   33    0    0    0    0    0    0   55   31   95
2021  72   79   97  102   98  101   96   91   97   96   58   97
2022  93   87   93   81   96   51   56   68   56   58   87   70
2023   0   70   51   37  102   96  102   70    4    0    0    0
====================================================================
nceiSalish
      1  2   3    4   5  6    7  8    9    10   11 12
2013  18  0   0   76   0  0    0  0   89    0    0  0
2014   0  0   0    0   0  0  315  0  114  425    0  0
2015   0  0   0  227  99  0  251  0  234    0  106  0
2016   0  0  84  235  24  0  235  0  235   53    0  0
2017   0  0   0  291  44  0  239  0  324   60    0  0
2018   0  0   0  324  76  0  324  0  324   48    0  0
2019   0  0   0    0   0  0    0  0    0    0    0  0
2020   0  0   0    0   0  0    0  0    0    0    0  0
2021   0  0   0    0   0  0    0  0    0    0    0  0
2022   0  0   0    0   0  0    0  0    0    0    0  0
2023   0  0   0    0   0  0    0  0    0    0    0  0
====================================================================
nceiCoastal
     1  2  3  4    5    6    7    8    9  10 11 12
2013  0  0  0  0    0    0    0  649    0  0  0  0
2014  0  0  0  0    0    0    0    0    0  0  0  0
2015  0  0  0  0    0    0    0    0    0  0  0  0
2016  0  0  0  0  424  362    0    0    0  0  0  0
2017  0  0  0  0    0    0    0    0  468  0  0  0
2018  0  0  0  0    0    0    0    0    0  0  0  0
2019  0  0  0  0    0    0    0    0    0  0  0  0
2020  0  0  0  0    0    0    0    0    0  0  0  0
2021  0  0  0  0    0  355  535    0    0  0  0  0
2022  0  0  0  0    0    0    0    0    0  0  0  0
2023  0  0  0  0    0    0    0    0    0  0  0  0
====================================================================
LineP
     1   2  3  4  5   6  7   8  9  10 11 12
2013  0  46  0  0  0   0  0   0  0  0  0  0
2014  0  42  0  0  0   0  0   0  0  0  0  0
2015  0  43  0  0  0   0  0  41  0  0  0  0
2016  0  42  0  0  0  42  0  42  0  0  0  0
2017  0  42  0  0  0  43  0   0  0  0  0  0
2018  0  43  0  0  0   0  0   0  0  0  0  0
2019  0  42  0  0  0  43  0   0  0  0  0  0
2020  0   0  0  0  0   0  0   0  0  0  0  0
2021  0   0  0  0  0   0  0   0  0  0  0  0
2022  0   0  0  0  0   0  0   0  0  0  0  0
2023  0   0  0  0  0   0  0   0  0  0  0  0
====================================================================
nceiPNW
     1   2  3  4  5   6  7   8  9  10 11 12
2013  0  30  0  0  0   0  0   0  0  0  0  0
2014  0  48  0  0  0   0  0   0  0  0  0  0
2015  0  43  0  0  0  30  0  36  3  0  0  0
2016  0  43  0  0  0  30  0  30  0  0  0  0
2017  0  42  0  0  0   0  0   0  0  0  0  0
2018  0   0  0  0  0   0  0   0  0  0  0  0
2019  0   0  0  0  0   0  0   0  0  0  0  0
2020  0   0  0  0  0   0  0   0  0  0  0  0
2021  0   0  0  0  0   0  0   0  0  0  0  0
2022  0   0  0  0  0   0  0   0  0  0  0  0
2023  0   0  0  0  0   0  0   0  0  0  0  0
====================================================================
WOD
     1   2  3  4  5  6  7  8  9  10 11 12
2013  0   0  0  0  0  0  0  0  0  0  0  0
2014  0  78  0  0  0  0  0  0  0  0  0  0
2015  0   0  0  0  0  0  0  0  0  0  0  0
2016  0   0  0  0  0  0  0  0  0  0  0  0
2017  0   0  0  0  0  0  0  0  0  0  0  0
2018  0   0  0  0  0  0  0  0  0  0  0  0
2019  0   0  0  0  0  0  0  0  0  0  0  0
2020  0   0  0  0  0  0  0  0  0  0  0  0
2021  0   0  0  0  0  0  0  0  0  0  0  0
2022  0   0  0  0  0  0  0  0  0  0  0  0
2023  0   0  0  0  0  0  0  0  0  0  0  0